date,time,open,high,low,close,volume
2026-02-09,03:45:00,287,289.4,286.25,287.45,25196
2026-02-09,03:48:00,287.45,287.45,286.4,287.35,7446
2026-02-09,03:51:00,287.1,288.45,287.1,288,9884
2026-02-09,03:54:00,288,288.7,287.4,288.25,3778
2026-02-09,03:57:00,288,289.5,288,289.45,15087
2026-02-09,04:00:00,289.45,289.65,289,289.2,9418
2026-02-09,04:03:00,289.25,289.8,289.05,289.05,11790
2026-02-09,04:06:00,289.05,289.4,288.85,288.85,8331
2026-02-09,04:09:00,288.45,288.8,288.1,288.4,2824
2026-02-09,04:12:00,288.2,288.7,287.65,288.2,2937
2026-02-09,04:15:00,288.2,288.65,287.8,288.45,3217
2026-02-09,04:18:00,288.45,290.6,288.45,290.6,4415
2026-02-09,04:21:00,290.35,292,290,292,24431
2026-02-09,04:24:00,292.05,293.1,291.5,291.6,23410
2026-02-09,04:27:00,291.75,291.75,291.15,291.4,3358
2026-02-09,04:30:00,291.65,291.7,291.05,291.45,4174
2026-02-09,04:33:00,291.65,292.25,291.4,291.95,5265
2026-02-09,04:36:00,291.95,292.05,291.4,291.4,9452
2026-02-09,04:39:00,291.45,291.85,291.2,291.5,4671
2026-02-09,04:42:00,291.5,292.9,291.5,292.55,14907
2026-02-09,04:45:00,292.55,292.55,292.05,292.5,2533
2026-02-09,04:48:00,292.5,293.15,292.25,293,6316
2026-02-09,04:51:00,293,293.25,292.65,292.75,5098
2026-02-09,04:54:00,292.95,293.95,292.95,293.7,12149
2026-02-09,04:57:00,293.7,294.95,293.7,294.6,14319
2026-02-09,05:00:00,294.45,295.5,294.45,295.1,19213
2026-02-09,05:03:00,295.35,295.55,295,295,5780
2026-02-09,05:06:00,295,296,294.75,296,7008
2026-02-09,05:09:00,296,297.2,296,297.2,13776
2026-02-09,05:12:00,296.95,297.45,296.55,297.45,9142
2026-02-09,05:15:00,297.45,298.2,296.6,296.6,19223
2026-02-09,05:18:00,296.45,297.25,296.1,296.95,9125
2026-02-09,05:21:00,296.95,297,296.3,296.35,5979
2026-02-09,05:24:00,296.6,298.3,296.6,297.7,18985
2026-02-09,05:27:00,297.55,299.2,297.55,299.2,41825
2026-02-09,05:30:00,298.95,299.5,298.2,298.2,15021
2026-02-09,05:33:00,298.2,298.45,297.8,298.15,9034
2026-02-09,05:36:00,298.35,299.2,298,298.2,6111
2026-02-09,05:39:00,298.25,298.7,297.95,297.95,7355
2026-02-09,05:42:00,298.2,298.45,298,298.3,6394
2026-02-09,05:45:00,298.3,299.1,298.15,298.85,12781
2026-02-09,05:48:00,298.55,299.4,298.25,299.4,14998
2026-02-09,05:51:00,299.4,299.5,299.05,299.35,5740
2026-02-09,05:54:00,299.35,299.35,298.5,298.8,5515
2026-02-09,05:57:00,298.8,298.9,298.1,298.45,4813
2026-02-09,06:00:00,298.45,298.45,297.8,298,6062
2026-02-09,06:03:00,298,298.8,297.8,298.75,6599
2026-02-09,06:06:00,298.75,298.75,298.15,298.45,4939
2026-02-09,06:09:00,298.45,299.25,298.45,299,15361
2026-02-09,06:12:00,298.65,299.3,298.65,299.3,11794
2026-02-09,06:15:00,299.3,299.35,298.7,299,1992
2026-02-09,06:18:00,299,299,298.7,298.95,1722
2026-02-09,06:21:00,298.95,298.95,297.85,297.85,21171
2026-02-09,06:24:00,297.9,298.1,297.7,297.95,3469
2026-02-09,06:27:00,297.95,298.25,297.75,298.1,2381
2026-02-09,06:30:00,298.1,298.65,297.85,298.65,3895
2026-02-09,06:33:00,298.65,299,298.35,298.95,4292
2026-02-09,06:36:00,298.95,299.1,298.6,298.9,2938
2026-02-09,06:39:00,298.9,299.35,298.5,299.35,7383
2026-02-09,06:42:00,299.35,300,299.15,300,25777
2026-02-09,06:45:00,300,300.6,299.55,299.75,16893
2026-02-09,06:48:00,299.75,300.3,299.75,300.3,4409
2026-02-09,06:51:00,300.3,300.75,299.95,300.75,8409
2026-02-09,06:54:00,300.5,301.85,300.4,301.8,15988
2026-02-09,06:57:00,301.8,302.7,301.4,301.7,40530
2026-02-09,07:00:00,301.95,302,301.4,301.5,9746
2026-02-09,07:03:00,301.8,302,301.6,301.95,6311
2026-02-09,07:06:00,301.95,302.2,301.7,302,12571
2026-02-09,07:09:00,302,302,299.5,299.5,22311
2026-02-09,07:12:00,299.8,299.8,298.6,299.1,14835
2026-02-09,07:15:00,299.1,299.45,299,299.2,4846
2026-02-09,07:18:00,299.2,299.6,299,299.5,7579
2026-02-09,07:21:00,299.5,299.7,299.1,299.2,4426
2026-02-09,07:24:00,299.2,299.3,299,299.25,2507
2026-02-09,07:27:00,299.25,299.65,299.05,299.6,3373
2026-02-09,07:30:00,299.6,299.8,299.4,299.8,1262
2026-02-09,07:33:00,299.6,299.8,299.4,299.75,1381
2026-02-09,07:36:00,299.7,299.8,299.15,299.5,2886
2026-02-09,07:39:00,299.5,299.5,297.55,298.1,25144
2026-02-09,07:42:00,298.1,298.35,297.55,298.15,7256
2026-02-09,07:45:00,298,298.5,298,298.45,841
2026-02-09,07:48:00,298.45,298.45,298.2,298.45,690
2026-02-09,07:51:00,298.7,298.7,298.05,298.05,1959
2026-02-09,07:54:00,298.05,298.65,298.05,298.55,1623
2026-02-09,07:57:00,298.55,298.6,298.1,298.5,4492
2026-02-09,08:00:00,298.5,298.75,298.4,298.4,4447
2026-02-09,08:03:00,298.45,298.7,298.35,298.5,1101
2026-02-09,08:06:00,298.65,298.75,298.5,298.7,2226
2026-02-09,08:09:00,298.7,298.8,298.55,298.55,1073
2026-02-09,08:12:00,298.55,299,298.55,298.75,3430
2026-02-09,08:15:00,298.75,298.9,298.3,298.65,7378
2026-02-09,08:18:00,298.4,298.8,297.2,297.3,19220
2026-02-09,08:21:00,297.3,297.85,296.55,296.8,25473
2026-02-09,08:24:00,296.8,296.8,296.1,296.55,4948
2026-02-09,08:27:00,296.4,296.65,296.15,296.3,4738
2026-02-09,08:30:00,296.2,296.65,296.1,296.35,3115
2026-02-09,08:33:00,296.2,296.35,295.65,296.15,9357
2026-02-09,08:36:00,296.15,296.65,296,296.3,3048
2026-02-09,08:39:00,296.3,296.55,296.1,296.2,1025
2026-02-09,08:42:00,296.2,296.4,295.7,295.9,2807
2026-02-09,08:45:00,295.9,295.9,295.5,295.5,3266
2026-02-09,08:48:00,295.1,295.75,295.1,295.6,7613
2026-02-09,08:51:00,295.6,295.85,295.3,295.5,2540
2026-02-09,08:54:00,295.6,295.65,295.4,295.4,1778
2026-02-09,08:57:00,295.55,295.85,295.55,295.55,1990
2026-02-09,09:00:00,295.55,295.75,295.55,295.6,2095
2026-02-09,09:03:00,295.6,295.8,295.45,295.75,1807
2026-02-09,09:06:00,295.75,295.8,295.15,295.25,6488
2026-02-09,09:09:00,295.3,295.3,295.05,295.05,5289
2026-02-09,09:12:00,295.2,295.25,294.6,295.25,11077
2026-02-09,09:15:00,295.25,295.5,295,295.2,2926
2026-02-09,09:18:00,295.2,295.25,294.65,294.8,6260
2026-02-09,09:21:00,295,295.25,294.65,294.65,4245
2026-02-09,09:24:00,294.6,294.95,294.4,294.95,9406
2026-02-09,09:27:00,294.95,295.2,294.85,295.15,1032
2026-02-09,09:30:00,295.15,295.7,294.55,295.3,6447
2026-02-09,09:33:00,295.2,296.9,295.15,295.5,24758
2026-02-09,09:36:00,295.55,295.9,295.05,295.85,9621
2026-02-09,09:39:00,295.9,296.15,295.5,295.75,19458
2026-02-09,09:42:00,295.75,296.65,295.65,296,15469
2026-02-09,09:45:00,296.1,296.5,295.65,296,21420
2026-02-09,09:48:00,296,296.65,295.4,295.8,14409
2026-02-09,09:51:00,295.8,296.1,295.65,295.8,14326
2026-02-09,09:54:00,295.75,296,295.05,295.85,10266
2026-02-09,09:57:00,295.75,296,295.05,295.05,15863
2026-02-10,03:45:00,301,305.9,299.95,305.3,69291
2026-02-10,03:48:00,305.1,308.45,304.7,307,64557
2026-02-10,03:51:00,306.9,306.9,305.35,306.15,39914
2026-02-10,03:54:00,305.95,307.2,305.95,306.25,26951
2026-02-10,03:57:00,306.3,307.45,306.05,307.45,24641
2026-02-10,04:00:00,307.35,312.9,307.05,312.6,125474
2026-02-10,04:03:00,312.95,315.95,312.8,313.7,244270
2026-02-10,04:06:00,313.8,314.2,311.3,314.05,111263
2026-02-10,04:09:00,313.9,318.5,313,318.1,242180
2026-02-10,04:12:00,318.3,319.85,316.55,319.75,214638
2026-02-10,04:15:00,319.35,320.95,318.25,320.65,332849
2026-02-10,04:18:00,320.85,321.75,317.45,317.85,423135
2026-02-10,04:21:00,317.85,318,315.8,316.5,241582
2026-02-10,04:24:00,316.4,318.5,316.05,317,138467
2026-02-10,04:27:00,316.8,317.15,315.2,316,120916
2026-02-10,04:30:00,315.7,315.95,313.8,315.25,155316
2026-02-10,04:33:00,315,316,314.35,314.85,59271
2026-02-10,04:36:00,314.85,315.95,314.45,315.4,53948
2026-02-10,04:39:00,315.65,315.65,314.4,314.55,46784
2026-02-10,04:42:00,314.75,314.75,313.25,314,81977
2026-02-10,04:45:00,314,314.6,313.6,314.4,40916
2026-02-10,04:48:00,314.5,314.7,312.95,313.45,86909
2026-02-10,04:51:00,313.45,314.45,313.05,314.35,39597
2026-02-10,04:54:00,314.35,315.4,314.3,314.65,54345
2026-02-10,04:57:00,314.7,314.85,314,314.6,22518
2026-02-10,05:00:00,314.85,314.85,314.05,314.3,31633
2026-02-10,05:03:00,314.25,314.45,313.6,313.8,23164
2026-02-10,05:06:00,313.7,314.4,313.55,313.8,24043
2026-02-10,05:09:00,313.8,314.05,313.25,313.4,17009
2026-02-10,05:12:00,313.65,313.85,313.5,313.6,13668
2026-02-10,05:15:00,313.8,315.5,313.8,315.2,41263
2026-02-10,05:18:00,315.2,315.25,314,314.4,19627
2026-02-10,05:21:00,314.4,314.4,312.4,312.4,92714
2026-02-10,05:24:00,312.5,312.5,312,312.2,29764
2026-02-10,05:27:00,312.2,312.2,311.65,311.7,30357
2026-02-10,05:30:00,311.7,313.65,311.7,312.8,41495
2026-02-10,05:33:00,312.8,318,312.6,317.65,137408
2026-02-10,05:36:00,317.3,319.8,317.3,318.25,225302
2026-02-10,05:39:00,318.25,319,317.3,317.6,67344
2026-02-10,05:42:00,317.9,319.8,317.6,319,91555
2026-02-10,05:45:00,319,319.8,318,318.5,89024
2026-02-10,05:48:00,318.5,324.4,318,324.4,361191
2026-02-10,05:51:00,324.4,324.45,321.7,322.35,273345
2026-02-10,05:54:00,322.35,323.6,321.9,323.2,177476
2026-02-10,05:57:00,323.25,326.9,322.8,326.1,600096
2026-02-10,06:00:00,326.35,327,323.7,323.85,432259
2026-02-10,06:03:00,323.7,326.3,323.7,326.3,235237
2026-02-10,06:06:00,326.1,328.55,325.6,328.25,459582
2026-02-10,06:09:00,328.2,328.9,326.55,326.8,397620
2026-02-10,06:12:00,326.8,329.3,326.55,328.45,393057
2026-02-10,06:15:00,328.45,329,327.7,328.6,273769
2026-02-10,06:18:00,328.6,329.6,327.05,327.5,373222
2026-02-10,06:21:00,327.75,328.55,327.4,327.9,161252
2026-02-10,06:24:00,327.8,331.5,327.2,330.8,570853
2026-02-10,06:27:00,330.85,331.75,330,330.9,471798
2026-02-10,06:30:00,331,334.4,330.6,332.9,815328
2026-02-10,06:33:00,332.65,333.45,332.45,332.7,362422
2026-02-10,06:36:00,332.7,332.85,331.45,331.6,486364
2026-02-10,06:39:00,331.7,332.35,331.3,331.75,213690
2026-02-10,06:42:00,331.7,332.4,330.15,331.2,371251
2026-02-10,06:45:00,331.2,331.2,329.25,330.2,429288
2026-02-10,06:48:00,330.1,330.95,330,330.05,209513
2026-02-10,06:51:00,330.2,330.9,329.15,330.2,341806
2026-02-10,06:54:00,330.5,332.75,329.7,331.85,392173
2026-02-10,06:57:00,331.85,332.3,328.4,330.65,501878
2026-02-10,07:00:00,330.65,333.5,330,333.4,516129
2026-02-10,07:03:00,333.35,335.8,333,335.2,1019979
2026-02-10,07:06:00,335.2,336.8,335.1,336.35,606716
2026-02-10,07:09:00,336.35,337.9,334.45,337.55,841638
2026-02-10,07:12:00,337.75,337.8,336.5,336.85,440879
2026-02-10,07:15:00,337,337.4,336.5,336.8,268296
2026-02-10,07:18:00,336.85,338.8,336.6,337.6,580169
2026-02-10,07:21:00,337.5,339.4,337.1,338.9,493857
2026-02-10,07:24:00,338.9,339.4,337.2,337.55,554383
2026-02-10,07:27:00,337.65,338.25,337.5,337.6,256901
2026-02-10,07:30:00,337.6,338.95,337.5,338.25,385379
2026-02-10,07:33:00,338.25,338.85,337.9,338.75,240347
2026-02-10,07:36:00,338.75,339.65,337.9,339.45,477627
2026-02-10,07:39:00,339.65,339.7,338.65,338.8,248098
2026-02-10,07:42:00,338.75,339.2,337.6,337.8,295482
2026-02-10,07:45:00,337.65,339.25,337.6,338.4,350755
2026-02-10,07:48:00,338.4,338.45,337.7,338.1,146066
2026-02-10,07:51:00,337.9,338.2,335.35,336.8,613785
2026-02-10,07:54:00,336.8,337.6,336.4,337.6,209829
2026-02-10,07:57:00,337.6,339.3,337.3,339,451684
2026-02-10,08:00:00,338.7,339.4,338.1,338.7,282847
2026-02-10,08:03:00,338.7,338.95,338.3,338.5,141502
2026-02-10,08:06:00,338.5,338.5,336.5,336.9,343036
2026-02-10,08:09:00,336.9,337.5,335.25,336.5,445139
2026-02-10,08:12:00,336.2,337.1,336,336.65,281006
2026-02-10,08:15:00,336.65,337.6,336.5,337.5,136795
2026-02-10,08:18:00,337.55,337.9,336.55,337.2,293851
2026-02-10,08:21:00,337.2,338.1,336.2,338.1,215309
2026-02-10,08:24:00,338.1,338.7,337.6,338,242421
2026-02-10,08:27:00,337.75,338,336.3,337.15,240355
2026-02-10,08:30:00,337.2,337.2,336.4,336.8,153644
2026-02-10,08:33:00,336.95,336.95,332.6,333.65,704869
2026-02-10,08:36:00,333.75,336.5,333,336.45,597901
2026-02-10,08:39:00,336.3,337.15,335.75,336.05,347730
2026-02-10,08:42:00,336.3,336.95,336,336.95,112358
2026-02-10,08:45:00,337,337,336.2,336.75,135947
2026-02-10,08:48:00,336.6,338,336.55,337.5,305931
2026-02-10,08:51:00,337.5,339.5,337.4,338.6,612106
2026-02-10,08:54:00,338.55,339.45,337.05,337.45,402010
2026-02-10,08:57:00,337.05,337.7,336.1,336.9,249403
2026-02-10,09:00:00,336.9,337.5,336.4,336.4,187295
2026-02-10,09:03:00,336.4,336.9,335.8,336,305905
2026-02-10,09:06:00,335.8,336.25,333,335.3,669427
2026-02-10,09:09:00,335.3,336.55,334.8,336.1,209096
2026-02-10,09:12:00,336.1,337.9,336.1,337.8,346606
2026-02-10,09:15:00,337.9,338.7,337.15,337.95,481387
2026-02-10,09:18:00,337.95,337.95,336.5,336.8,222566
2026-02-10,09:21:00,336.85,338.65,336.8,338.65,329020
2026-02-10,09:24:00,338.5,346.95,338,345.05,2547723
2026-02-10,09:27:00,344.65,348,343.2,344,1610251
2026-02-10,09:30:00,343.65,346.55,343.65,345.15,762533
2026-02-10,09:33:00,345,345.4,341,342.35,840569
2026-02-10,09:36:00,342.4,343.95,341,343.7,647668
2026-02-10,09:39:00,343.7,346,339,341.45,1524859
2026-02-10,09:42:00,341.3,343,340.1,342.45,600651
2026-02-10,09:45:00,342.5,344.6,340,340.95,774666
2026-02-10,09:48:00,340.7,344,340.7,341.05,962531
2026-02-10,09:51:00,341.05,341.75,339.75,339.75,217365
2026-02-10,09:54:00,339.7,342.45,336.6,338.6,1086110
2026-02-10,09:57:00,338.5,338.85,336,336.5,226484
2026-02-11,03:45:00,338,340.95,335.7,338.8,857071
2026-02-11,03:48:00,338.85,340.7,338,339.2,357189
2026-02-11,03:51:00,338.95,339.5,336.6,337.5,325360
2026-02-11,03:54:00,337.15,337.2,333.55,334.55,478226
2026-02-11,03:57:00,334.4,336.3,334.05,336.2,260601
2026-02-11,04:00:00,335.5,336.95,335.25,335.6,226521
2026-02-11,04:03:00,335.85,336.4,334.8,335.25,142009
2026-02-11,04:06:00,335.25,335.55,334.6,335.5,72015
2026-02-11,04:09:00,335.7,336.35,334.65,335,81390
2026-02-11,04:12:00,335.15,335.6,333,333.4,198320
2026-02-11,04:15:00,333.65,334.85,333.2,334.45,112908
2026-02-11,04:18:00,334.45,334.5,334,334,73292
2026-02-11,04:21:00,334,335,333.5,335,79768
2026-02-11,04:24:00,334.55,335.6,334.5,335.1,60113
2026-02-11,04:27:00,335.1,335.4,334.6,334.85,18741
2026-02-11,04:30:00,334.9,334.95,334.05,334.15,33010
2026-02-11,04:33:00,334.25,334.95,334,334.7,37234
2026-02-11,04:36:00,334.7,334.7,334,334.15,65952
2026-02-11,04:39:00,333.8,334.25,333.55,333.9,42833
2026-02-11,04:42:00,333.25,333.55,332.3,332.85,119937
2026-02-11,04:45:00,332.85,334.35,332.6,333.55,56461
2026-02-11,04:48:00,333.55,333.7,333.05,333.4,23229
2026-02-11,04:51:00,333.2,333.7,333.2,333.25,21474
2026-02-11,04:54:00,333.5,333.65,333,333.4,19203
2026-02-11,04:57:00,333.4,334.1,333.15,333.65,34162
2026-02-11,05:00:00,333.7,333.7,332.05,332.6,60397
2026-02-11,05:03:00,332.5,333.75,332.5,333.75,32473
2026-02-11,05:06:00,333.65,333.8,332.5,333.3,30513
2026-02-11,05:09:00,333.3,333.85,333,333.45,21794
2026-02-11,05:12:00,333.75,333.8,333.3,333.4,16079
2026-02-11,05:15:00,333.4,334.95,333.35,334.2,65861
2026-02-11,05:18:00,334.15,334.4,330.5,331,183146
2026-02-11,05:21:00,331,331.6,330.8,331.25,63799
2026-02-11,05:24:00,331.15,331.9,331.15,331.5,29269
2026-02-11,05:27:00,331.65,331.65,330.3,330.7,64900
2026-02-11,05:30:00,330.5,330.7,330.3,330.65,30510
2026-02-11,05:33:00,330.65,331.4,330.1,331.05,72637
2026-02-11,05:36:00,331.3,331.3,330.15,330.5,31805
2026-02-11,05:39:00,330.5,330.7,330,330.2,53635
2026-02-11,05:42:00,329.95,330.9,329.6,330.15,52590
2026-02-11,05:45:00,330.05,330.5,329.7,329.75,40091
2026-02-11,05:48:00,329.75,329.95,328.45,328.65,97737
2026-02-11,05:51:00,328.85,330.4,328.7,330,74116
2026-02-11,05:54:00,330.15,331.4,329.45,330.85,72876
2026-02-11,05:57:00,331.05,331.2,330,330.55,36357
2026-02-11,06:00:00,330.55,330.55,329.4,329.7,46507
2026-02-11,06:03:00,329.7,330,329.5,329.55,14621
2026-02-11,06:06:00,329.55,329.8,329.05,329.25,27025
2026-02-11,06:09:00,329.25,329.6,329.05,329.2,16872
2026-02-11,06:12:00,329.1,329.55,328.9,329.05,35361
2026-02-11,06:15:00,329.05,329.65,329.05,329.25,8207
2026-02-11,06:18:00,329.25,330.6,329.25,329.95,48114
2026-02-11,06:21:00,329.95,330.2,329.55,330.2,17109
2026-02-11,06:24:00,330,330.95,330,330.8,40033
2026-02-11,06:27:00,330.8,331.4,330.25,330.65,84613
2026-02-11,06:30:00,330.65,331.6,330.5,331.4,42807
2026-02-11,06:33:00,331.3,333.9,330.55,333.25,194393
2026-02-11,06:36:00,333,333,332.25,332.65,63855
2026-02-11,06:39:00,332.65,333.05,332.5,332.5,26857
2026-02-11,06:42:00,332.5,332.5,331.55,332.2,68934
2026-02-11,06:45:00,332.2,332.2,331.5,331.6,14130
2026-02-11,06:48:00,331.6,332.55,331.5,332.35,28139
2026-02-11,06:51:00,332.35,332.55,331.8,332.3,24486
2026-02-11,06:54:00,332.3,332.6,332.05,332.55,12574
2026-02-11,06:57:00,332.55,333.4,332.3,332.95,38100
2026-02-11,07:00:00,332.95,333.25,332.3,332.65,17929
2026-02-11,07:03:00,332.65,332.95,332.65,332.65,6851
2026-02-11,07:06:00,332.65,333.2,332.65,332.65,16514
2026-02-11,07:09:00,332.5,332.95,331.9,331.95,25343
2026-02-11,07:12:00,332,332.6,331.95,332.35,12442
2026-02-11,07:15:00,332.35,332.55,332.15,332.35,8349
2026-02-11,07:18:00,332.35,333,332.1,332.7,11511
2026-02-11,07:21:00,332.5,332.85,332.35,332.45,7205
2026-02-11,07:24:00,332.45,332.65,332.3,332.5,6824
2026-02-11,07:27:00,332.5,332.5,331.9,331.9,9606
2026-02-11,07:30:00,331.9,332.8,330.65,332.45,46648
2026-02-11,07:33:00,332.6,333.7,332.55,333.65,39241
2026-02-11,07:36:00,333.4,333.95,333.05,333.45,21880
2026-02-11,07:39:00,333.45,333.6,333.1,333.3,6951
2026-02-11,07:42:00,333.2,333.5,332.95,333.5,7409
2026-02-11,07:45:00,333.35,333.5,332.95,333.3,13168
2026-02-11,07:48:00,333.3,334.05,333.05,333.9,17417
2026-02-11,07:51:00,333.9,333.9,333.3,333.6,23903
2026-02-11,07:54:00,333.6,334.45,333.6,334,34530
2026-02-11,07:57:00,333.7,333.9,333.6,333.8,5142
2026-02-11,08:00:00,333.65,334.05,333.35,333.85,8980
2026-02-11,08:03:00,333.85,334.2,333.6,334.1,10319
2026-02-11,08:06:00,334.1,334.35,334,334.35,11058
2026-02-11,08:09:00,334.6,335.55,334.5,335.05,80102
2026-02-11,08:12:00,335.05,335.5,334.55,334.6,25248
2026-02-11,08:15:00,334.6,334.9,334.15,334.9,26781
2026-02-11,08:18:00,334.8,334.9,333.9,334.4,21382
2026-02-11,08:21:00,334.05,334.4,333.45,333.55,27300
2026-02-11,08:24:00,333.55,333.7,333.45,333.6,4756
2026-02-11,08:27:00,333.6,333.8,333.1,333.1,22149
2026-02-11,08:30:00,333.35,333.5,333,333.25,15938
2026-02-11,08:33:00,333.15,333.65,332.8,333.65,18499
2026-02-11,08:36:00,333.65,333.75,332.8,333.3,11739
2026-02-11,08:39:00,333.3,333.45,332.8,332.9,6842
2026-02-11,08:42:00,332.9,333.75,332.5,333.5,20422
2026-02-11,08:45:00,333.5,333.55,332.75,333.05,7570
2026-02-11,08:48:00,333.05,333.4,332.75,333.3,7374
2026-02-11,08:51:00,333.3,333.35,332.95,333.3,7563
2026-02-11,08:54:00,333.3,333.5,332.8,333.05,13437
2026-02-11,08:57:00,333.05,333.45,332.55,332.55,10476
2026-02-11,09:00:00,332.55,332.55,331.45,331.95,37866
2026-02-11,09:03:00,331.75,332.1,331.3,331.8,15199
2026-02-11,09:06:00,331.8,332.3,331.5,331.65,30997
2026-02-11,09:09:00,331.95,332,331.55,331.9,8224
2026-02-11,09:12:00,331.9,332.25,331.55,331.65,8602
2026-02-11,09:15:00,331.8,331.95,330.6,330.75,55547
2026-02-11,09:18:00,330.75,331.35,330.55,331.15,31092
2026-02-11,09:21:00,331.15,331.25,330.55,331,22475
2026-02-11,09:24:00,331,331.3,330.75,331.15,18230
2026-02-11,09:27:00,331.1,331.45,330.7,330.8,14500
2026-02-11,09:30:00,330.8,330.95,330.4,330.6,23704
2026-02-11,09:33:00,330.6,330.8,330.4,330.55,17417
2026-02-11,09:36:00,330.6,330.9,330,330,50612
2026-02-11,09:39:00,330.15,330.45,329.5,330.4,51787
2026-02-11,09:42:00,330.4,330.85,330.1,330.65,40905
2026-02-11,09:45:00,330.65,330.8,329.25,330.3,103248
2026-02-11,09:48:00,330.35,331.8,329.45,331.8,165231
2026-02-11,09:51:00,331.8,332,331,331.2,19267
2026-02-11,09:54:00,331.2,331.2,328,329.15,137679
2026-02-11,09:57:00,329.15,329.75,328.8,329.75,26499
2026-02-12,03:45:00,329.75,329.75,325.2,326.55,125137
2026-02-12,03:48:00,326.5,326.5,323.2,324.15,75355
2026-02-12,03:51:00,324.45,324.45,323.25,324,48523
2026-02-12,03:54:00,323.8,324.2,323.5,323.6,18787
2026-02-12,03:57:00,323.55,323.65,322.4,323.4,27145
2026-02-12,04:00:00,323.3,323.55,322.35,322.65,19824
2026-02-12,04:03:00,322.65,323.85,322.05,323.6,23145
2026-02-12,04:06:00,323.3,324.7,323.15,324.5,22814
2026-02-12,04:09:00,324.55,324.75,323.85,323.85,12700
2026-02-12,04:12:00,323.7,324,323.1,323.2,11063
2026-02-12,04:15:00,323.3,323.95,323.2,323.4,7914
2026-02-12,04:18:00,323.4,324.2,323.4,323.9,10548
2026-02-12,04:21:00,323.8,324.75,323.8,324.75,9820
2026-02-12,04:24:00,324.5,325,324.3,325,8318
2026-02-12,04:27:00,324.55,325.35,324.55,325.15,19866
2026-02-12,04:30:00,325.2,325.2,324.55,324.85,10102
2026-02-12,04:33:00,324.65,325,324.6,324.65,2526
2026-02-12,04:36:00,324.65,324.95,324.2,324.7,7244
2026-02-12,04:39:00,324.7,324.9,324.5,324.9,4047
2026-02-12,04:42:00,324.8,324.95,324.3,324.95,7697
2026-02-12,04:45:00,324.95,324.95,324.15,324.2,3429
2026-02-12,04:48:00,324.2,324.6,324,324.6,7099
2026-02-12,04:51:00,324.65,324.65,324.25,324.5,2915
2026-02-12,04:54:00,324.5,324.5,324,324.15,2609
2026-02-12,04:57:00,324.15,324.5,324.05,324.15,2584
2026-02-12,05:00:00,324.15,324.75,324.15,324.2,2795
2026-02-12,05:03:00,324.2,324.3,324,324.2,2959
2026-02-12,05:06:00,324,324.2,323.6,323.65,4256
2026-02-12,05:09:00,323.65,324.15,323.5,324.15,3973
2026-02-12,05:12:00,324.15,324.15,323.75,323.8,2571
2026-02-12,05:15:00,323.8,324.1,323.4,323.75,3154
2026-02-12,05:18:00,323.7,323.8,323.4,323.55,2666
2026-02-12,05:21:00,323.75,323.85,323.3,323.7,5534
2026-02-12,05:24:00,323.55,323.7,323.5,323.7,1237
2026-02-12,05:27:00,323.7,323.75,323.5,323.7,3242
2026-02-12,05:30:00,323.6,323.75,323.5,323.55,1506
2026-02-12,05:33:00,323.75,323.85,323.4,323.55,3144
2026-02-12,05:36:00,323.55,323.95,323.45,323.45,5210
2026-02-12,05:39:00,323.75,324,323.5,323.85,1606
2026-02-12,05:42:00,323.85,324.9,323.6,324.1,8021
2026-02-12,05:45:00,324.1,324.6,324,324.1,3562
2026-02-12,05:48:00,324.1,324.15,323.65,323.7,2706
2026-02-12,05:51:00,323.7,323.7,323.15,323.4,7689
2026-02-12,05:54:00,323.4,323.85,323.4,323.75,817
2026-02-12,05:57:00,323.75,323.9,323.45,323.5,3238
2026-02-12,06:00:00,323.5,323.9,323.5,323.55,1810
2026-02-12,06:03:00,323.55,323.95,323.25,323.95,4813
2026-02-12,06:06:00,323.85,324.25,323.55,323.9,3770
2026-02-12,06:09:00,323.9,324,323.55,323.75,963
2026-02-12,06:12:00,324,324,323.75,323.75,1049
2026-02-12,06:15:00,323.75,324.1,323.75,324.1,949
2026-02-12,06:18:00,324.1,324.1,323.85,323.85,1230
2026-02-12,06:21:00,323.85,324,323.75,323.85,1086
2026-02-12,06:24:00,323.85,323.9,323.6,323.6,2358
2026-02-12,06:27:00,323.6,323.85,323.3,323.65,5375
2026-02-12,06:30:00,323.4,323.7,323,323.1,14841
2026-02-12,06:33:00,323.1,323.4,322.65,323,6745
2026-02-12,06:36:00,323,323.4,322.9,323.4,2037
2026-02-12,06:39:00,323.4,323.65,323.25,323.6,3294
2026-02-12,06:42:00,323.6,323.9,323.6,323.9,4464
2026-02-12,06:45:00,323.9,324.6,323.9,324.25,9663
2026-02-12,06:48:00,324.2,324.2,323.7,324,3258
2026-02-12,06:51:00,324,324.55,324,324.55,2001
2026-02-12,06:54:00,324.6,325.8,324.5,324.75,20484
2026-02-12,06:57:00,324.75,325.25,324.75,324.9,3875
2026-02-12,07:00:00,324.9,324.95,324.55,324.8,1867
2026-02-12,07:03:00,324.8,325,324.75,324.75,3190
2026-02-12,07:06:00,324.75,325.4,324.55,324.55,13590
2026-02-12,07:09:00,324.8,324.85,324.55,324.55,696
2026-02-12,07:12:00,324.7,324.7,324.6,324.6,956
2026-02-12,07:15:00,324.7,325,324.6,325,2091
2026-02-12,07:18:00,325,325.2,324.8,324.8,1591
2026-02-12,07:21:00,325.05,325.05,324.8,325,584
2026-02-12,07:24:00,325,325.85,324.8,325.5,8631
2026-02-12,07:27:00,325.5,325.6,325.4,325.5,189
2026-02-12,07:30:00,325.5,325.5,325,325.05,832
2026-02-12,07:33:00,325.05,325.3,324.5,324.85,2461
2026-02-12,07:36:00,324.85,325,324.55,324.8,3625
2026-02-12,07:39:00,324.8,324.8,324.15,324.15,6204
2026-02-12,07:42:00,324.15,324.75,324.15,324.25,1099
2026-02-12,07:45:00,324.25,324.8,324.25,324.45,9297
2026-02-12,07:48:00,324.45,324.75,324.05,324.2,3218
2026-02-12,07:51:00,324.2,324.55,324.15,324.2,1579
2026-02-12,07:54:00,324.2,324.5,324.05,324.25,2086
2026-02-12,07:57:00,324.45,324.95,324.1,324.8,4360
2026-02-12,08:00:00,324.8,324.95,324.25,324.65,6781
2026-02-12,08:03:00,324.65,325,324.65,324.9,1078
2026-02-12,08:06:00,324.9,325.5,324.7,325.25,6742
2026-02-12,08:09:00,325.45,325.45,325,325,2359
2026-02-12,08:12:00,325,325.15,324.5,324.85,4717
2026-02-12,08:15:00,324.85,325,324.5,324.7,6487
2026-02-12,08:18:00,324.7,324.85,324.15,324.7,5812
2026-02-12,08:21:00,324.7,324.7,324.2,324.45,2313
2026-02-12,08:24:00,324.2,324.45,324.15,324.45,1235
2026-02-12,08:27:00,324.45,324.75,324.45,324.65,1159
2026-02-12,08:30:00,324.65,325.15,324.6,325.1,12192
2026-02-12,08:33:00,325.1,325.5,325,325.2,6603
2026-02-12,08:36:00,325.2,325.45,324.45,324.45,9222
2026-02-12,08:39:00,324.45,325.05,324.45,324.85,4857
2026-02-12,08:42:00,324.85,325.15,324.65,324.95,1446
2026-02-12,08:45:00,324.95,324.95,324.55,324.8,468
2026-02-12,08:48:00,324.8,324.8,324.35,324.65,1138
2026-02-12,08:51:00,324.5,325.15,324.5,324.8,8319
2026-02-12,08:54:00,325.05,325.4,324.7,325.35,5667
2026-02-12,08:57:00,325.35,325.35,325.05,325.3,1759
2026-02-12,09:00:00,325.3,325.35,325,325,3528
2026-02-12,09:03:00,325,325.2,324.4,325,5212
2026-02-12,09:06:00,325,325,324,324.05,8044
2026-02-12,09:09:00,324.35,325.9,323.95,325.8,22543
2026-02-12,09:12:00,325.8,327.9,325.8,327.8,36734
2026-02-12,09:15:00,327.9,336.85,327.8,336.45,146251
2026-02-12,09:18:00,337.35,338.8,335.1,335.7,207898
2026-02-12,09:21:00,335.6,337.8,334.85,337.15,111622
2026-02-12,09:24:00,337.15,337.7,334.3,335,114804
2026-02-12,09:27:00,335,335.6,333,333.3,56415
2026-02-12,09:30:00,333.3,335.45,333.2,335.45,49626
2026-02-12,09:33:00,335.5,335.5,333.85,333.95,28062
2026-02-12,09:36:00,333.8,334,332.55,333,50473
2026-02-12,09:39:00,333,333,330.25,330.5,49524
2026-02-12,09:42:00,330.5,330.5,329.1,329.85,55590
2026-02-12,09:45:00,329.25,329.85,328,328.5,42086
2026-02-12,09:48:00,328.15,328.5,327.7,328.45,68227
2026-02-12,09:51:00,328.5,328.95,327.5,327.85,18288
2026-02-12,09:54:00,328.2,329.15,328.2,328.7,45885
2026-02-12,09:57:00,328.5,329,327,327,30035
2026-02-13,03:45:00,318,318.85,310.55,313.25,389120
2026-02-13,03:48:00,313.25,313.85,312,312.75,100091
2026-02-13,03:51:00,312.95,314,312.1,312.15,115639
2026-02-13,03:54:00,312.3,312.3,310.2,310.75,78132
2026-02-13,03:57:00,310.7,312.55,310.5,312.1,76409
2026-02-13,04:00:00,311.8,311.8,310.05,310.35,41023
2026-02-13,04:03:00,310.5,310.85,310,310.85,35379
2026-02-13,04:06:00,311,311.25,310.3,310.65,18497
2026-02-13,04:09:00,310.65,311.2,310.15,311.2,32739
2026-02-13,04:12:00,311.2,312.85,311.2,312,30504
2026-02-13,04:15:00,311.95,312.5,311.7,312,13788
2026-02-13,04:18:00,311.75,312.05,310.85,311.05,17769
2026-02-13,04:21:00,310.9,311.55,310.55,310.7,9868
2026-02-13,04:24:00,310.75,311.25,310.5,310.5,7745
2026-02-13,04:27:00,310.5,311.25,310.5,310.95,6366
2026-02-13,04:30:00,310.6,311.05,310.2,310.55,16426
2026-02-13,04:33:00,310.35,310.35,309.4,309.8,32636
2026-02-13,04:36:00,309.8,310.1,308.75,309.1,42887
2026-02-13,04:39:00,309.1,309.7,309,309.45,28574
2026-02-13,04:42:00,309.2,310.4,309.15,309.75,23961
2026-02-13,04:45:00,309.5,309.6,309,309.25,13283
2026-02-13,04:48:00,309.25,309.25,308.15,309,36107
2026-02-13,04:51:00,309,309.9,308.85,309.75,11810
2026-02-13,04:54:00,309.9,311.8,309.75,311.6,22328
2026-02-13,04:57:00,311.8,313.65,311.55,313.65,73580
2026-02-13,05:00:00,313.55,314.05,313.25,313.3,42616
2026-02-13,05:03:00,313.25,313.8,313.15,313.35,21414
2026-02-13,05:06:00,313.35,313.85,313.1,313.7,13854
2026-02-13,05:09:00,313.85,313.85,313.35,313.35,10805
2026-02-13,05:12:00,313.6,313.75,312.85,312.9,11688
2026-02-13,05:15:00,312.75,313.45,310.4,310.5,30136
2026-02-13,05:18:00,310.5,310.55,309.15,309.6,55309
2026-02-13,05:21:00,309.6,310.35,308,310.35,91636
2026-02-13,05:24:00,310.35,310.7,310.2,310.55,11882
2026-02-13,05:27:00,310.55,310.6,309.6,309.8,8968
2026-02-13,05:30:00,310.05,310.05,309.4,309.6,11019
2026-02-13,05:33:00,309.6,309.9,309.3,309.5,8500
2026-02-13,05:36:00,309.3,309.85,308.8,309.1,24753
2026-02-13,05:39:00,309.35,309.9,308.85,309.6,5489
2026-02-13,05:42:00,309.6,310.9,309.6,310.5,11348
2026-02-13,05:45:00,310.5,310.6,309.7,310.05,10452
2026-02-13,05:48:00,310.05,310.45,309.95,310.4,2711
2026-02-13,05:51:00,310.4,310.4,309.2,309.7,14659
2026-02-13,05:54:00,309.7,309.8,309.4,309.8,1900
2026-02-13,05:57:00,309.8,309.85,309.5,309.85,3160
2026-02-13,06:00:00,309.7,310,309.4,309.85,10476
2026-02-13,06:03:00,309.85,309.9,309.55,309.75,3969
2026-02-13,06:06:00,309.8,309.85,309.6,309.75,2964
2026-02-13,06:09:00,309.8,310.3,309.6,310.15,2923
2026-02-13,06:12:00,310.15,310.75,310,310.4,6266
2026-02-13,06:15:00,310.4,311.25,310.35,310.95,7573
2026-02-13,06:18:00,310.95,311.4,310.3,310.5,6750
2026-02-13,06:21:00,310.45,310.75,310.2,310.5,4585
2026-02-13,06:24:00,310.7,311.3,310.5,311.05,6181
2026-02-13,06:27:00,311.05,311.4,310.45,310.8,10528
2026-02-13,06:30:00,310.8,311.4,310.8,311.35,5659
2026-02-13,06:33:00,311.3,312.15,311.3,312.15,14156
2026-02-13,06:36:00,312.25,312.45,312,312,8017
2026-02-13,06:39:00,312,312.15,311.65,311.8,6353
2026-02-13,06:42:00,311.8,312.2,311.75,311.75,4664
2026-02-13,06:45:00,311.8,311.8,311.25,311.5,4627
2026-02-13,06:48:00,311.3,312,311.3,311.75,6893
2026-02-13,06:51:00,311.75,312,311.45,311.55,3438
2026-02-13,06:54:00,311.55,311.95,311.45,311.7,3401
2026-02-13,06:57:00,311.7,312,311.5,311.7,5124
2026-02-13,07:00:00,311.65,312.5,311.45,312.3,11508
2026-02-13,07:03:00,312.45,312.7,312.3,312.45,4237
2026-02-13,07:06:00,312.45,312.7,312.3,312.35,5077
2026-02-13,07:09:00,312.35,312.9,312.35,312.55,5114
2026-02-13,07:12:00,312.8,312.8,312.35,312.5,8269
2026-02-13,07:15:00,312.5,314.5,312.4,313.3,61626
2026-02-13,07:18:00,313.5,313.95,312.75,313.75,28533
2026-02-13,07:21:00,313.75,313.75,312.5,312.55,11734
2026-02-13,07:24:00,312.65,312.8,312.2,312.2,5137
2026-02-13,07:27:00,312.25,312.65,312.2,312.3,5986
2026-02-13,07:30:00,312.3,312.5,312.1,312.15,3993
2026-02-13,07:33:00,312.15,312.4,311.8,312.4,12656
2026-02-13,07:36:00,312.4,313.05,312.25,313.05,6369
2026-02-13,07:39:00,313.1,313.5,312.8,313.1,9438
2026-02-13,07:42:00,313.1,313.45,312.95,313.2,10066
2026-02-13,07:45:00,313.2,313.2,313,313.1,1880
2026-02-13,07:48:00,313.1,313.1,313,313.1,3252
2026-02-13,07:51:00,313.1,313.1,312.3,312.6,9887
2026-02-13,07:54:00,312.6,312.6,312.2,312.2,4610
2026-02-13,07:57:00,312.2,312.35,311.35,311.45,14722
2026-02-13,08:00:00,311.45,311.65,311.1,311.25,12172
2026-02-13,08:03:00,311.1,311.3,310.75,311.2,7474
2026-02-13,08:06:00,311.2,311.2,310.5,310.55,17372
2026-02-13,08:09:00,310.55,311.1,310.55,310.95,4351
2026-02-13,08:12:00,311.05,311.25,310.5,310.8,12298
2026-02-13,08:15:00,310.8,310.85,310.1,310.35,5629
2026-02-13,08:18:00,310.35,310.75,310.1,310.5,8717
2026-02-13,08:21:00,310.5,310.8,310.2,310.55,5072
2026-02-13,08:24:00,310.55,311.15,310.55,310.9,7171
2026-02-13,08:27:00,311,311.2,311,311.2,2745
2026-02-13,08:30:00,311.2,311.5,310.7,311.2,11400
2026-02-13,08:33:00,311.35,311.95,311.15,311.95,5645
2026-02-13,08:36:00,311.95,312.2,311.55,312.15,6322
2026-02-13,08:39:00,312.2,312.65,312,312.35,5380
2026-02-13,08:42:00,312.1,312.75,312.1,312.3,9809
2026-02-13,08:45:00,312.3,312.5,311.85,311.9,5011
2026-02-13,08:48:00,311.9,312.15,311.7,311.8,10437
2026-02-13,08:51:00,311.8,312,311.15,311.5,10036
2026-02-13,08:54:00,311.5,312.05,311.5,311.85,10627
2026-02-13,08:57:00,311.85,311.95,311.5,311.5,2522
2026-02-13,09:00:00,311.5,311.7,311.05,311.25,3593
2026-02-13,09:03:00,311.5,311.5,310.9,311.25,2617
2026-02-13,09:06:00,311.25,311.25,310.7,310.9,6372
2026-02-13,09:09:00,310.7,311.35,310.7,310.85,4677
2026-02-13,09:12:00,311,311.3,310.8,311.05,2488
2026-02-13,09:15:00,311.05,311.4,310.85,310.85,7185
2026-02-13,09:18:00,310.85,311.25,310.7,310.75,5307
2026-02-13,09:21:00,310.75,311.35,310.75,311.1,5727
2026-02-13,09:24:00,311.4,311.4,310.85,311.15,11451
2026-02-13,09:27:00,311.05,311.25,311,311.05,2269
2026-02-13,09:30:00,311.15,311.3,309.85,309.85,63699
2026-02-13,09:33:00,310,310.1,309.8,310,15210
2026-02-13,09:36:00,309.8,310.6,309.35,310.35,24407
2026-02-13,09:39:00,310.45,311.25,310.35,310.9,23565
2026-02-13,09:42:00,310.85,311.15,310.45,310.5,16143
2026-02-13,09:45:00,310.75,310.75,308.1,309.05,43959
2026-02-13,09:48:00,309.05,309.05,308,308.2,44035
2026-02-13,09:51:00,308.25,308.5,307.1,308.2,32171
2026-02-13,09:54:00,306.3,307.45,305,306.4,74304
2026-02-13,09:57:00,306.3,307,305.25,306.45,49516
2026-02-16,03:45:00,303.55,305.25,298.55,298.95,172770
2026-02-16,03:48:00,299.15,299.15,297.05,298.4,78761
2026-02-16,03:51:00,298.6,300.8,298.3,300.8,50505
2026-02-16,03:54:00,300.45,300.8,299.05,299.25,21826
2026-02-16,03:57:00,299.25,299.4,297.7,298.3,38347
2026-02-16,04:00:00,298.6,301.8,298.6,301.55,31743
2026-02-16,04:03:00,301.4,301.85,300.5,301,21821
2026-02-16,04:06:00,301,301.2,300.05,300.3,14007
2026-02-16,04:09:00,300.3,300.35,299.25,299.8,15919
2026-02-16,04:12:00,299.6,300.3,299.25,299.35,18083
2026-02-16,04:15:00,299.3,300.2,299.15,299.5,10963
2026-02-16,04:18:00,299.5,299.65,299,299.4,4229
2026-02-16,04:21:00,299.4,299.85,299.05,299.35,6315
2026-02-16,04:24:00,299.35,300.9,299.35,300.55,6808
2026-02-16,04:27:00,300.55,304.4,300.55,303.85,59999
2026-02-16,04:30:00,303.8,304.25,303.25,303.25,23253
2026-02-16,04:33:00,303.25,303.6,302.3,303.2,16044
2026-02-16,04:36:00,303.2,303.45,302.5,302.5,6568
2026-02-16,04:39:00,302.8,302.85,302.05,302.65,17836
2026-02-16,04:42:00,302.65,303.55,302.25,302.6,8855
2026-02-16,04:45:00,302.4,302.8,301.8,302.65,8236
2026-02-16,04:48:00,302.65,302.8,302.05,302.65,3431
2026-02-16,04:51:00,302.65,303.35,302.65,303.05,5022
2026-02-16,04:54:00,302.85,303,302.3,302.65,2550
2026-02-16,04:57:00,302.65,302.95,302.6,302.7,823
2026-02-16,05:00:00,302.85,303,302.45,303,4936
2026-02-16,05:03:00,303,303.3,302.55,302.55,2234
2026-02-16,05:06:00,302.55,303,302.55,302.75,1089
2026-02-16,05:09:00,302.8,302.8,302.5,302.7,2630
2026-02-16,05:12:00,302.7,303,302.3,303,6401
2026-02-16,05:15:00,303,304.5,303,303.9,15275
2026-02-16,05:18:00,304,305.6,304,304.3,25418
2026-02-16,05:21:00,304.3,305.35,304.15,305.35,10543
2026-02-16,05:24:00,305.65,306.85,305.15,306.15,30121
2026-02-16,05:27:00,306.15,307,305.55,306.8,27104
2026-02-16,05:30:00,307,307.4,304.9,305,18405
2026-02-16,05:33:00,305,305,304.25,304.3,6288
2026-02-16,05:36:00,304.25,304.65,303.85,303.85,7786
2026-02-16,05:39:00,303.85,304.05,303.5,303.75,4023
2026-02-16,05:42:00,304,304.05,303.5,303.9,3706
2026-02-16,05:45:00,303.9,303.95,303.4,303.5,2038
2026-02-16,05:48:00,303.5,303.9,303.5,303.6,1153
2026-02-16,05:51:00,303.6,303.95,303.4,303.6,2421
2026-02-16,05:54:00,303.6,304.5,303.4,303.8,5179
2026-02-16,05:57:00,303.8,304.35,303.8,304,3929
2026-02-16,06:00:00,304,304.05,303.75,303.8,1079
2026-02-16,06:03:00,303.8,304.2,303.5,303.5,3913
2026-02-16,06:06:00,303.55,304.3,303.55,304.05,3144
2026-02-16,06:09:00,304.05,304.15,303.65,304.15,1389
2026-02-16,06:12:00,304.15,304.3,304,304.1,1184
2026-02-16,06:15:00,304,304,303.15,303.5,4934
2026-02-16,06:18:00,303.5,303.5,303.2,303.2,1875
2026-02-16,06:21:00,303.2,303.45,303.2,303.4,988
2026-02-16,06:24:00,303.45,303.45,303.2,303.25,1084
2026-02-16,06:27:00,303.25,303.4,303.05,303.4,1446
2026-02-16,06:30:00,303.4,303.85,303.3,303.7,2074
2026-02-16,06:33:00,303.7,304,303.35,303.9,2915
2026-02-16,06:36:00,303.9,304,303.5,303.7,2199
2026-02-16,06:39:00,303.7,303.85,303.35,303.85,1233
2026-02-16,06:42:00,303.85,303.9,303.55,303.7,2269
2026-02-16,06:45:00,303.7,303.8,303.25,303.75,1111
2026-02-16,06:48:00,303.75,304.25,303.55,304.15,978
2026-02-16,06:51:00,304.15,304.5,303.85,304.25,3107
2026-02-16,06:54:00,304.25,304.65,304.1,304.25,1968
2026-02-16,06:57:00,304.3,304.3,303.7,303.8,7069
2026-02-16,07:00:00,304,304.15,303.9,304.15,893
2026-02-16,07:03:00,304.15,304.35,303.85,304.35,856
2026-02-16,07:06:00,304.35,304.35,304,304.1,247
2026-02-16,07:09:00,304.3,304.3,303.45,303.75,4775
2026-02-16,07:12:00,303.75,304,303.6,303.85,1954
2026-02-16,07:15:00,303.85,303.95,303.65,303.7,1168
2026-02-16,07:18:00,303.7,303.85,303.3,303.4,645
2026-02-16,07:21:00,303.4,303.55,303.25,303.45,3577
2026-02-16,07:24:00,303.45,303.55,303.25,303.3,1072
2026-02-16,07:27:00,303.3,303.45,303,303.1,3301
2026-02-16,07:30:00,303.1,303.3,303,303.3,2983
2026-02-16,07:33:00,303.3,303.3,303,303.1,5542
2026-02-16,07:36:00,303.1,303.2,303.1,303.2,232
2026-02-16,07:39:00,303.2,303.55,303.15,303.55,1069
2026-02-16,07:42:00,303.55,303.55,303.35,303.45,1731
2026-02-16,07:45:00,303.1,303.6,303,303.3,1047
2026-02-16,07:48:00,303.3,304.1,303.2,303.65,5195
2026-02-16,07:51:00,303.65,304,303.45,303.6,2466
2026-02-16,07:54:00,303.6,303.6,303.15,303.45,1937
2026-02-16,07:57:00,303.45,303.8,303.05,303.05,3175
2026-02-16,08:00:00,303,303.2,302.7,303.05,3128
2026-02-16,08:03:00,303.05,303.4,302.8,303.2,1959
2026-02-16,08:06:00,303.2,303.2,302.8,303.1,748
2026-02-16,08:09:00,302.8,303.2,302.8,303,1217
2026-02-16,08:12:00,303,303.2,302.85,302.95,1177
2026-02-16,08:15:00,303,303.2,302.95,303.2,669
2026-02-16,08:18:00,303.2,303.25,302.95,303,540
2026-02-16,08:21:00,302.95,303.3,302.95,303.15,1425
2026-02-16,08:24:00,303.15,303.25,302.5,302.55,3212
2026-02-16,08:27:00,302.55,303,302.5,302.9,1633
2026-02-16,08:30:00,302.9,303.2,302.85,303.15,353
2026-02-16,08:33:00,303.15,303.75,302.85,303.05,4803
2026-02-16,08:36:00,303.05,303.35,302.65,303.15,7236
2026-02-16,08:39:00,303.15,303.15,302.45,302.75,3403
2026-02-16,08:42:00,302.75,303.3,302.75,303.25,2942
2026-02-16,08:45:00,303.25,303.3,302.85,303.3,1675
2026-02-16,08:48:00,303.25,303.25,302.8,303,973
2026-02-16,08:51:00,303,303.3,302.35,302.65,2844
2026-02-16,08:54:00,302.85,303,302.65,303,910
2026-02-16,08:57:00,303,303.1,302.6,303.1,1956
2026-02-16,09:00:00,303.35,304,303.2,303.75,4449
2026-02-16,09:03:00,303.75,304.3,303.45,303.45,7189
2026-02-16,09:06:00,303.45,304.15,303.4,303.65,2044
2026-02-16,09:09:00,303.65,303.9,303.35,303.35,3687
2026-02-16,09:12:00,303.35,303.75,303,303.55,3976
2026-02-16,09:15:00,303.55,303.85,303.45,303.45,4453
2026-02-16,09:18:00,303.45,303.45,303.05,303.3,9729
2026-02-16,09:21:00,303.1,303.55,303.05,303.45,4244
2026-02-16,09:24:00,303.45,303.85,303.1,303.85,10090
2026-02-16,09:27:00,303.85,303.9,303.1,303.6,15061
2026-02-16,09:30:00,303.35,303.7,303.35,303.5,3077
2026-02-16,09:33:00,303.5,303.6,303.25,303.25,3275
2026-02-16,09:36:00,303.55,303.55,302.2,302.5,38150
2026-02-16,09:39:00,302.65,303.25,302.4,303,14643
2026-02-16,09:42:00,303,303.1,302.6,302.8,15900
2026-02-16,09:45:00,302.6,303.15,302.35,302.9,13687
2026-02-16,09:48:00,303,303.15,301.5,302.2,30871
2026-02-16,09:51:00,301.8,302.45,301.6,302.2,14844
2026-02-16,09:54:00,302.35,303.05,302.05,303,25601
2026-02-16,09:57:00,303,303.5,302.45,303.35,15765
2026-02-17,03:45:00,303.15,314.75,303.15,313.85,96219
2026-02-17,03:48:00,313.45,323.35,312.95,321.65,347836
2026-02-17,03:51:00,321.6,326.75,320.3,323.95,664847
2026-02-17,03:54:00,323.8,328.5,323.65,327.25,644918
2026-02-17,03:57:00,327,327.4,324.85,326.2,481709
2026-02-17,04:00:00,326.15,327.45,324.7,326.8,364274
2026-02-17,04:03:00,326.75,328.95,325.25,326.35,421278
2026-02-17,04:06:00,326.3,329.45,325.5,328.95,327144
2026-02-17,04:09:00,329.35,329.35,327.35,327.65,245423
2026-02-17,04:12:00,327.8,327.85,325.05,326,280907
2026-02-17,04:15:00,326,327.4,325.65,327,129853
2026-02-17,04:18:00,327,329.85,326.6,329.1,387213
2026-02-17,04:21:00,328.95,329.7,327.65,327.85,260833
2026-02-17,04:24:00,327.75,328.85,327.05,327.05,164263
2026-02-17,04:27:00,327.3,328,326.8,327,166515
2026-02-17,04:30:00,327,328,326.15,327.8,130969
2026-02-17,04:33:00,327.8,328.25,327.1,327.2,101360
2026-02-17,04:36:00,327.2,327.85,327.2,327.4,56397
2026-02-17,04:39:00,327.6,327.6,325.7,325.85,169548
2026-02-17,04:42:00,326,327,325.5,325.75,128176
2026-02-17,04:45:00,325.9,325.9,323.2,323.8,418530
2026-02-17,04:48:00,323.55,324.95,323.5,324.45,151942
2026-02-17,04:51:00,324.45,325.3,324.25,325.2,95570
2026-02-17,04:54:00,325.2,325.25,323.55,324.5,116077
2026-02-17,04:57:00,324.55,325.55,324.5,325.4,60500
2026-02-17,05:00:00,325.1,325.4,324.2,324.25,33972
2026-02-17,05:03:00,324.2,324.7,323.8,324.2,47199
2026-02-17,05:06:00,324.2,324.35,323.6,323.75,35607
2026-02-17,05:09:00,323.5,324,323.05,323.7,100628
2026-02-17,05:12:00,323.7,325.25,323.4,324,97398
2026-02-17,05:15:00,324,325.5,323.5,324.55,69647
2026-02-17,05:18:00,324.55,325,324.45,324.55,14785
2026-02-17,05:21:00,324.5,324.75,324.05,324.3,20560
2026-02-17,05:24:00,324.15,324.95,324.1,324.8,51294
2026-02-17,05:27:00,324.6,324.75,323.9,324.35,59881
2026-02-17,05:30:00,324.35,325.35,324.35,324.85,55078
2026-02-17,05:33:00,325.15,325.2,324.2,324.2,32510
2026-02-17,05:36:00,324.3,324.3,323.5,323.8,41301
2026-02-17,05:39:00,323.5,323.6,322.3,322.55,100268
2026-02-17,05:42:00,322.55,323.25,322.5,322.95,38084
2026-02-17,05:45:00,322.8,323.75,322.8,323.35,42844
2026-02-17,05:48:00,323.5,324.4,323.4,324.05,30560
2026-02-17,05:51:00,324.25,324.45,324,324.1,13718
2026-02-17,05:54:00,324.1,324.2,323.6,323.7,12790
2026-02-17,05:57:00,323.7,323.9,323.55,323.65,10402
2026-02-17,06:00:00,323.8,324.45,323.7,324.25,30943
2026-02-17,06:03:00,324.3,324.8,324.3,324.55,41394
2026-02-17,06:06:00,324.55,327,324.4,326.8,168768
2026-02-17,06:09:00,326.85,327.95,326.7,327.2,224710
2026-02-17,06:12:00,327.15,327.45,326.35,326.65,73244
2026-02-17,06:15:00,326.5,326.7,325.9,326.7,61720
2026-02-17,06:18:00,326.5,327,326.15,326.15,37865
2026-02-17,06:21:00,326.15,326.5,326.05,326.3,32102
2026-02-17,06:24:00,326.25,328.75,326.1,327.65,183735
2026-02-17,06:27:00,327.65,328.25,327.25,327.35,101475
2026-02-17,06:30:00,327.45,327.5,326.55,327,46531
2026-02-17,06:33:00,327,327.15,326.65,327.15,21370
2026-02-17,06:36:00,327,327.65,327,327.45,40818
2026-02-17,06:39:00,327.45,327.75,327.15,327.15,35499
2026-02-17,06:42:00,327.3,327.45,326.8,327,30169
2026-02-17,06:45:00,327,333.6,326.8,333.6,503793
2026-02-17,06:48:00,333.55,338,333.55,337.3,864871
2026-02-17,06:51:00,337.25,337.7,335.7,337.55,418645
2026-02-17,06:54:00,337.9,338.2,336.15,336.35,367972
2026-02-17,06:57:00,336.35,336.75,334.15,335.1,348550
2026-02-17,07:00:00,335.1,336.45,334.4,335.7,216906
2026-02-17,07:03:00,335.7,335.75,334.5,335.75,125870
2026-02-17,07:06:00,335.75,337.5,335.35,337,377977
2026-02-17,07:09:00,337,341.5,336.7,340.2,769621
2026-02-17,07:12:00,340.1,340.85,339.25,339.65,341736
2026-02-17,07:15:00,339.65,340.4,336.15,338,429498
2026-02-17,07:18:00,338.05,338.45,336,336.05,383331
2026-02-17,07:21:00,335.85,337.55,335.4,337.35,223466
2026-02-17,07:24:00,337.15,337.95,336.5,336.7,101698
2026-02-17,07:27:00,336.55,337.7,336.55,337.1,96482
2026-02-17,07:30:00,337.1,337.2,336.5,336.8,70521
2026-02-17,07:33:00,336.95,337,336.05,336.3,92094
2026-02-17,07:36:00,336.35,337,335.3,335.5,198189
2026-02-17,07:39:00,335.55,336.35,335,335,81461
2026-02-17,07:42:00,335,335.15,333.3,333.5,352504
2026-02-17,07:45:00,333.5,334.85,333.25,334.85,196094
2026-02-17,07:48:00,334.6,337.3,334.3,336.8,293839
2026-02-17,07:51:00,336.8,337.3,335.3,336.2,216325
2026-02-17,07:54:00,336.2,337,335.1,335.1,149798
2026-02-17,07:57:00,335.1,335.7,334.5,334.95,138084
2026-02-17,08:00:00,334.95,335.5,334.5,335.15,104235
2026-02-17,08:03:00,335.15,335.8,334.35,335.6,102789
2026-02-17,08:06:00,335.8,336.45,335.15,336.45,91365
2026-02-17,08:09:00,336.45,337.75,335.35,337.05,158013
2026-02-17,08:12:00,337,338.5,336.5,336.55,270129
2026-02-17,08:15:00,336.75,336.95,335,335,147935
2026-02-17,08:18:00,335.1,335.95,334.5,335.5,142792
2026-02-17,08:21:00,335.5,336.3,334.8,335.6,80848
2026-02-17,08:24:00,335.6,336,335.1,335.4,54890
2026-02-17,08:27:00,335.3,335.8,334.9,335.8,96176
2026-02-17,08:30:00,335.8,336.55,335.25,335.55,100398
2026-02-17,08:33:00,335.75,336.2,335.4,335.55,55666
2026-02-17,08:36:00,335.55,336.35,335.05,335.05,110767
2026-02-17,08:39:00,335.05,335.8,331.55,331.95,366233
2026-02-17,08:42:00,332.2,334.25,331.75,333.95,233648
2026-02-17,08:45:00,333.55,333.95,331.75,333.3,212123
2026-02-17,08:48:00,333.3,335.25,333.3,334.95,152734
2026-02-17,08:51:00,335.05,335.9,334.5,334.7,183015
2026-02-17,08:54:00,334.7,337,334.55,336.8,196996
2026-02-17,08:57:00,336.7,337.25,336.2,336.8,231041
2026-02-17,09:00:00,336.8,338.7,336,337.55,404969
2026-02-17,09:03:00,337.7,339.95,337.2,338.95,581041
2026-02-17,09:06:00,338.6,338.7,336.6,337.4,361155
2026-02-17,09:09:00,337.4,338.4,336.4,337.75,260610
2026-02-17,09:12:00,337.75,339.65,337.75,339.2,328096
2026-02-17,09:15:00,339.05,343.65,338.85,342.35,1263033
2026-02-17,09:18:00,342.6,342.75,341.55,342.75,414937
2026-02-17,09:21:00,342.7,343.4,339.35,340.15,801107
2026-02-17,09:24:00,340.15,340.35,336.95,337.65,813525
2026-02-17,09:27:00,337.65,340.6,337.65,339.25,414823
2026-02-17,09:30:00,339.25,339.25,334.65,336.1,557678
2026-02-17,09:33:00,335.8,337.9,335.5,337.9,319917
2026-02-17,09:36:00,337.95,339.35,335.5,335.9,575529
2026-02-17,09:39:00,336,336.9,334.2,334.2,562215
2026-02-17,09:42:00,334.3,334.95,332,332.65,771590
2026-02-17,09:45:00,332.55,332.55,329.5,331.5,946961
2026-02-17,09:48:00,331.7,332.5,329.7,330.6,568401
2026-02-17,09:51:00,330.55,330.75,328.45,328.65,187006
2026-02-17,09:54:00,328.65,329.3,325.25,326.5,552354
2026-02-17,09:57:00,326.45,326.6,325.35,325.85,139392